EASY
0 4 5 8 7 0 0 2 9;
0 0 0 0 0 0 6 0 4;
0 0 0 0 0 3 5 8 7;
0 0 9 0 0 7 3 0 6;
0 0 0 9 6 5 0 0 0;
6 0 1 4 0 0 8 0 0;
8 5 7 3 0 0 0 0 0;
1 0 4 0 0 0 0 0 0;
2 6 0 0 9 1 4 5 0;

EASY
0 0 3 0 0 7 0 8 6;
0 0 0 6 0 5 1 0 0;
2 6 0 1 0 8 0 0 0;
0 7 0 9 6 0 0 3 0;
8 0 1 0 4 0 2 0 7;
0 3 0 0 8 2 0 9 0;
0 0 0 2 0 6 0 5 4;
0 0 7 8 0 4 0 0 0;
5 4 0 3 0 0 7 0 0;

MEDIUM
4 2 0 7 5 0 0 0 0;
0 7 6 0 0 0 2 0 0;
5 0 0 0 6 0 0 0 0;
1 9 0 0 0 0 0 0 0;
0 8 5 9 7 6 4 3 0;
0 0 0 0 0 0 0 9 7;
0 0 0 0 8 0 0 0 9;
0 0 3 0 0 0 7 2 0;
0 0 0 0 2 5 0 6 8;

MEDIUM
2 0 0 0 0 0 5 0 0;
0 8 0 0 6 0 2 0 9;
0 6 0 0 5 2 0 0 0;
9 0 0 2 3 0 0 0 7;
0 1 0 7 4 9 0 5 0;
7 0 0 0 8 6 0 0 4;
0 0 0 3 2 0 0 7 0;
4 0 5 0 7 0 0 2 0;
0 0 7 0 0 0 0 0 6;

HARD

EVIL
0 4 0 0 0 7 0 0 0;
6 2 0 0 9 0 0 0 0;
7 0 0 0 0 0 0 8 1;
0 8 0 2 3 0 0 0 7;
0 0 0 0 5 0 0 0 0;
9 0 0 0 7 4 0 3 0;
2 6 0 0 0 0 0 0 4;
0 0 0 0 2 0 0 1 8;
0 0 0 3 0 0 0 7 0;
